<?xml version="1.0"?>
<opencv_storage>
<cameraMatrix type_id="opencv-matrix">
  <rows>3</rows>
  <cols>3</cols>
  <dt>d</dt>
  <data>
    6.6187703267726351e+02 0. 3.8995421196161152e+02 0.
    6.6119246112739165e+02 2.2221490369895076e+02 0. 0. 1.</data></cameraMatrix>
<distCoeffs type_id="opencv-matrix">
  <rows>1</rows>
  <cols>5</cols>
  <dt>d</dt>
  <data>
    -4.6421447250912889e-01 2.6730230660824755e-01
    2.9825125448592065e-03 3.0255748183075442e-03
    -5.1408483307913172e-02</data></distCoeffs>
</opencv_storage>
